0132 0100 
0184 0172 0109 
0210 0237 0178 0143 
0220 0288 0324 0264 0224 
0281 0383 0390 0381 0289 0292 
0371 0464 0470 0428 0473 0359 0365 
0401 0492 0521 0546 0554 0491 0440 0409 
0485 0506 0616 0633 0616 0635 0508 0518 0467 
0506 0552 0687 0691 0635 0714 0697 0557 0549 0476 
0562 0586 0722 0744 0769 0745 0795 0715 0647 0642 0491 
0640 0639 0726 0765 0853 0862 0827 0808 0812 0658 0679 0542 
0685 0643 0807 0844 0858 0880 0940 0913 0825 0842 0742 0778 0637 
0724 0772 0903 0872 0861 0918 0982 0957 0995 0929 0900 0785 0800 0694 
0730 0789 0954 0920 0879 1011 0991 0989 1070 1092 1024 0978 0887 0808 0747 
0797 0855 1013 1014 1008 1110 1105 1056 1125 1169 1147 1058 1005 0940 0886 0775 
0873 0895 1054 1018 1101 1126 1119 1147 1200 1238 1192 1244 1088 1065 0950 0965 0862 
0885 0905 1098 1080 1122 1162 1158 1231 1298 1298 1251 1256 1280 1104 1128 0996 1056 0897 
0955 0944 1104 1103 1177 1189 1200 1279 1326 1320 1332 1291 1342 1342 1143 1142 1150 1145 0983 
1021 1011 1172 1188 1273 1210 1234 1313 1360 1407 1394 1372 1407 1396 1404 1148 1248 1153 1147 1043 
1059 1110 1218 1225 1372 1327 1268 1366 1396 1421 1477 1420 1409 1497 1449 1417 1279 1309 1236 1220 1090 
1095 1120 1281 1321 1432 1421 1368 1371 1433 1463 1491 1535 1504 1590 1593 1466 1426 1352 1314 1279 1226 1149 
1161 1177 1368 1378 1493 1460 1458 1422 1517 1536 1570 1550 1574 1685 1681 1680 1509 1465 1363 1400 1356 1300 1167 
1215 1219 1373 1457 1523 1542 1559 1531 1563 1573 1620 1572 1619 1694 1739 1733 1707 1604 1492 1465 1419 1401 1326 1212 
1286 1258 1390 1535 1599 1571 1611 1649 1581 1672 1698 1639 1654 1756 1810 1758 1756 1772 1697 1577 1514 1452 1476 1335 1214 
1319 1310 1437 1596 1659 1654 1643 1737 1706 1727 1789 1752 1700 1813 1817 1887 1856 1824 1852 1796 1601 1539 1522 1554 1414 1219 
1411 1328 1450 1651 1669 1726 1680 1815 1813 1809 1852 1838 1803 1844 1841 1955 1892 1913 1859 1906 1865 1622 1606 1597 1571 1477 1231 
1435 1470 1456 1659 1767 1800 1792 1841 1876 1873 1865 1855 1847 1853 1868 1985 2026 1921 2001 1976 1978 1935 1651 1696 1608 1653 1518 1265 
1501 1552 1537 1663 1803 1860 1892 1918 1967 1961 1935 1914 1914 1914 1898 2075 2055 2120 2027 2042 2067 1982 1988 1718 1779 1694 1662 1592 1355 
1549 1580 1578 1700 1831 1912 1969 1944 2018 1999 1979 2033 1993 1950 1976 2088 2092 2128 2139 2096 2156 2096 2061 2056 1821 1793 1702 1678 1662 1392 
1586 1640 1649 1770 1903 1983 1978 2028 2031 2078 2037 2046 2090 2029 1985 2118 2135 2217 2169 2178 2171 2158 2140 2134 2061 1894 1819 1765 1734 1748 1404 
1641 1695 1734 1820 1965 2082 2067 2105 2059 2163 2081 2067 2117 2112 2048 2144 2217 2286 2271 2182 2191 2178 2243 2154 2135 2076 1964 1878 1854 1843 1758 1423 
1645 1704 1765 1912 2056 2120 2174 2191 2203 2238 2184 2086 2181 2159 2174 2228 2253 2306 2359 2313 2212 2214 2265 2294 2205 2214 2101 2009 1963 1907 1846 1801 1445 
1720 1767 1767 1961 2070 2132 2263 2205 2263 2316 2330 2200 2225 2263 2212 2258 2325 2317 2405 2411 2403 2241 2273 2359 2372 2217 2299 2142 2066 2042 1946 1898 1834 1493 
1798 1794 1823 2017 2109 2145 2282 2306 2349 2388 2388 2425 2264 2270 2267 2292 2346 2423 2444 2426 2450 2487 2362 2428 2456 2418 2336 2356 2201 2101 2101 1996 1924 1849 1586 
1840 1887 1859 2044 2187 2236 2306 2317 2366 2429 2393 2519 2432 2339 2321 2388 2349 2519 2491 2534 2540 2532 2578 2448 2506 2512 2428 2388 2392 2250 2105 2154 2081 2016 1874 1651 
1892 1896 1948 2074 2248 2333 2372 2338 2462 2521 2527 2609 2525 2466 2435 2448 2420 2588 2587 2567 2615 2624 2596 2609 2577 2562 2596 2491 2395 2395 2269 2165 2182 2123 2091 1919 1696 
1953 1927 2009 2142 2344 2367 2421 2411 2467 2592 2603 2668 2671 2592 2472 2495 2544 2687 2622 2608 2647 2671 2676 2616 2680 2637 2638 2668 2585 2451 2477 2352 2266 2222 2217 2178 2001 1742 
1954 1973 2069 2156 2361 2405 2447 2499 2533 2673 2648 2763 2689 2722 2690 2576 2592 2703 2740 2710 2684 2723 2745 2771 2752 2773 2660 2702 2766 2605 2531 2504 2425 2327 2278 2280 2238 2035 1805 
2047 2015 2163 2239 2408 2466 2474 2550 2612 2752 2718 2764 2807 2795 2753 2760 2675 2745 2828 2765 2763 2774 2775 2786 2836 2867 2853 2746 2827 2850 2617 2608 2506 2487 2329 2345 2374 2280 2049 1899 
2079 2120 2172 2306 2476 2495 2548 2648 2622 2771 2837 2812 2845 2838 2880 2827 2813 2838 2921 2905 2812 2841 2814 2858 2930 2920 2885 2896 2904 2890 2928 2649 2637 2565 2511 2351 2376 2457 2330 2109 1965 
2111 2121 2216 2336 2492 2546 2563 2729 2746 2786 2847 2899 2931 2924 2930 2942 2872 2898 2991 2959 2936 2926 2906 2919 2994 2936 2989 2980 2918 2926 2984 2971 2658 2685 2631 2580 2459 2548 2517 2370 2145 2026 
2203 2169 2238 2435 2507 2641 2627 2772 2747 2802 2941 2901 3030 2950 2947 3011 2953 2956 3088 3047 3048 2967 3003 2964 3061 3090 3001 3062 2988 2946 3020 3031 3052 2729 2735 2695 2648 2633 2588 2598 2455 2197 2035 
2294 2238 2330 2480 2539 2725 2703 2787 2791 2866 2962 3007 3036 3031 3002 3091 3073 3015 3100 3113 3136 3076 3094 3053 3101 3106 3112 3161 3154 3067 3107 3082 3073 3129 2809 2812 2702 2690 2671 2640 2672 2538 2199 2040 
2340 2313 2407 2546 2563 2743 2730 2819 2793 2950 2993 3106 3128 3094 3127 3163 3182 3109 3162 3212 3191 3165 3147 3136 3113 3143 3138 3219 3250 3204 3173 3126 3164 3204 3141 2860 2836 2789 2781 2756 2674 2679 2541 2275 2126 
2439 2438 2491 2639 2570 2760 2776 2880 2911 2970 3059 3166 3152 3194 3167 3193 3249 3187 3199 3241 3236 3287 3168 3174 3206 3205 3156 3223 3295 3297 3263 3261 3207 3224 3270 3156 2906 2928 2819 2785 2827 2745 2757 2611 2328 2225 
2506 2499 2529 2645 2727 2764 2793 2952 2921 3069 3130 3173 3208 3219 3248 3198 3275 3313 3290 3291 3286 3358 3293 3204 3273 3254 3274 3305 3303 3353 3377 3330 3279 3270 3336 3333 3157 2948 2936 2899 2874 2834 2848 2773 2614 2407 2312 
2524 2560 2607 2694 2807 2812 2870 2992 3020 3092 3190 3261 3266 3299 3281 3305 3286 3382 3368 3344 3355 3360 3452 3342 3333 3365 3290 3340 3386 3374 3459 3473 3355 3303 3432 3354 3335 3162 2997 2939 2949 2951 2854 2880 2857 2641 2425 2350 
2592 2561 2657 2698 2810 2833 2912 3086 3073 3116 3279 3266 3358 3325 3351 3341 3373 3393 3467 3369 3359 3402 3454 3497 3357 3371 3415 3344 3439 3459 3484 3547 3554 3443 3530 3453 3421 3419 3241 3094 3048 2971 3046 2884 2920 2903 2643 2483 2437 
2686 2602 2659 2776 2898 2885 2933 3089 3174 3176 3285 3332 3407 3429 3371 3442 3385 3458 3474 3516 3390 3424 3465 3538 3555 3470 3451 3431 3448 3507 3501 3571 3606 3590 3553 3545 3525 3437 3503 3297 3096 3147 3089 3122 3001 2991 2932 2682 2532 2454 
2750 2725 2718 2860 2984 2914 2950 3155 3177 3185 3328 3338 3471 3447 3492 3471 3510 3464 3497 3523 3603 3438 3491 3573 3572 3567 3568 3492 3501 3571 3585 3589 3704 3633 3618 3637 3625 3592 3578 3565 3307 3158 3223 3212 3176 3011 2996 2986 2723 2571 2520 
2793 2833 2743 2897 3016 3015 3002 3184 3272 3232 3336 3414 3506 3482 3496 3545 3545 3553 3531 3533 3655 3660 3503 3609 3593 3611 3608 3623 3579 3615 3592 3620 3742 3730 3641 3652 3693 3713 3678 3579 3617 3369 3233 3247 3244 3181 3071 3061 3039 2751 2628 2619 
2796 2883 2836 2949 3023 3089 3064 3276 3338 3352 3337 3460 3514 3573 3521 3581 3618 3646 3560 3575 3680 3713 3673 3705 3685 3694 3698 3713 3677 3704 3693 3642 3820 3833 3803 3703 3762 3722 3792 3772 3700 3670 3378 3287 3316 3306 3191 3150 3110 3086 2754 2709 2649 
2867 2937 2956 2982 3074 3165 3148 3330 3417 3389 3408 3505 3598 3590 3635 3602 3716 3715 3687 3670 3745 3737 3752 3742 3767 3697 3722 3761 3767 3768 3750 3775 3891 3911 3866 3870 3771 3778 3888 3860 3824 3774 3749 3446 3348 3337 3319 3269 3246 3170 3095 2823 2729 2685 
2940 2963 2977 3026 3120 3203 3182 3413 3482 3515 3415 3528 3650 3644 3696 3732 3749 3729 3775 3718 3815 3760 3788 3829 3798 3825 3778 3854 3842 3836 3789 3811 3960 3964 4001 3945 3895 3860 3927 3938 3925 3918 3803 3779 3457 3381 3348 3332 3365 3248 3226 3142 2830 2778 2687 
3016 3009 3050 3056 3130 3223 3263 3483 3496 3571 3549 3554 3687 3689 3744 3756 3804 3825 3859 3866 3854 3901 3883 3890 3879 3839 3878 3947 3918 3909 3873 3842 3970 4048 4043 4071 3993 3915 3937 4010 3998 3986 4002 3882 3848 3522 3480 3421 3454 3390 3333 3274 3234 2886 2875 2703 
3019 3030 3130 3083 3152 3253 3307 3510 3563 3646 3650 3586 3738 3743 3825 3785 3869 3839 3878 3870 3879 3983 3905 3981 3933 3919 3890 3999 3976 4017 3916 3949 4030 4073 4049 4078 4132 4064 3974 4102 4050 4045 4101 4068 3939 3849 3565 3524 3476 3494 3443 3386 3283 3303 2912 2956 2710 
3068 3110 3186 3220 3245 3340 3354 3523 3638 3674 3737 3673 3810 3822 3857 3843 3896 3889 3906 3888 3916 4042 4004 3999 4051 3937 3998 4095 4002 4048 4062 4020 4111 4079 4087 4096 4149 4137 4095 4152 4194 4129 4124 4148 4077 3978 3896 3656 3567 3548 3563 3490 3428 3398 3365 3002 2988 2795 
3105 3128 3248 3305 3332 3368 3418 3528 3715 3725 3784 3763 3840 3887 3862 3927 3961 3971 3965 3986 3958 4094 4067 4024 4095 4061 4090 4112 4166 4143 4114 4076 4188 4124 4111 4151 4160 4214 4163 4243 4195 4224 4192 4163 4197 4125 4019 3913 3723 3614 3566 3631 3510 3518 3496 3397 3006 3028 2863 
3195 3179 3306 3365 3338 3423 3441 3596 3720 3744 3860 3878 3922 3923 3983 3970 3999 4061 4058 4014 4019 4177 4099 4084 4165 4178 4186 4205 4172 4170 4221 4161 4268 4194 4147 4235 4235 4237 4301 4315 4342 4238 4274 4290 4289 4235 4215 4083 3974 3781 3690 3725 3667 3584 3605 3576 3448 3063 3089 2901 
3252 3290 3370 3371 3418 3459 3523 3647 3760 3777 3907 3892 3929 4021 4061 4048 4038 4119 4114 4064 4069 4230 4181 4168 4205 4246 4222 4274 4280 4250 4296 4281 4271 4300 4233 4259 4309 4284 4327 4405 4355 4382 4318 4361 4380 4365 4286 4239 4119 4024 3806 3770 3795 3747 3666 3685 3637 3491 3179 3153 2912 
3270 3319 3456 3427 3486 3501 3602 3657 3802 3821 3937 3919 4025 4039 4084 4079 4100 4178 4121 4213 4136 4276 4290 4267 4248 4284 4301 4291 4324 4373 4338 4317 4336 4314 4347 4293 4364 4325 4376 4429 4428 4411 4478 4412 4435 4390 4411 4339 4266 4211 4051 3852 3858 3852 3777 3750 3728 3664 3512 3199 3177 2995 
3351 3391 3549 3475 3555 3553 3650 3658 3815 3904 4029 4006 4045 4087 4153 4143 4120 4240 4183 4255 4241 4365 4380 4389 4299 4356 4385 4318 4332 4460 4409 4341 4396 4367 4383 4383 4445 4390 4473 4465 4477 4482 4534 4534 4462 4451 4502 4419 4362 4277 4298 4150 3891 3905 3854 3791 3794 3801 3734 3611 3242 3212 3028 
3441 3447 3610 3635 3611 3567 3720 3717 3878 3936 4030 4044 4126 4134 4224 4229 4238 4272 4305 4335 4309 4435 4414 4440 4429 4401 4418 4389 4396 4515 4538 4477 4484 4443 4414 4430 4513 4532 4476 4557 4500 4526 4623 4606 4569 4470 4533 4578 4482 4388 4388 4383 4246 3972 3970 3945 3813 3815 3818 3820 3615 3313 3244 3123 
3478 3460 3614 3657 3699 3648 3757 3748 3934 3998 4116 4077 4133 4171 4234 4273 4290 4354 4357 4341 4354 4487 4492 4515 4530 4455 4509 4442 4402 4536 4552 4605 4560 4514 4489 4444 4548 4621 4621 4598 4560 4590 4679 4720 4693 4632 4555 4612 4581 4561 4405 4433 4394 4299 3997 4026 4041 3876 3841 3838 3883 3646 3350 3281 3170 
3555 3501 3640 3727 3771 3775 3834 3761 3962 4062 4187 4185 4147 4256 4330 4327 4385 4402 4363 4419 4453 4570 4578 4592 4627 4605 4580 4575 4472 4555 4609 4695 4638 4561 4574 4550 4562 4633 4711 4720 4630 4667 4735 4761 4738 4707 4719 4661 4622 4595 4651 4497 4451 4444 4320 4100 4055 4057 3964 3846 3928 3956 3728 3397 3355 3214 
3577 3652 3681 3740 3805 3806 3888 3895 4018 4156 4190 4211 4244 4283 4428 4407 4389 4411 4439 4459 4465 4596 4665 4601 4698 4697 4612 4598 4639 4612 4689 4716 4707 4709 4657 4668 4622 4672 4784 4799 4793 4686 4832 4793 4825 4767 4760 4726 4709 4706 4736 4718 4509 4525 4539 4340 4124 4109 4098 4031 3984 4017 3985 3821 3432 3427 3283 
3649 3675 3744 3806 3806 3817 3895 3925 4070 4212 4285 4227 4309 4309 4511 4518 4457 4485 4499 4477 4481 4644 4708 4742 4735 4709 4796 4710 4669 4733 4780 4742 4778 4782 4754 4680 4755 4745 4831 4826 4800 4881 4898 4931 4846 4866 4862 4840 4728 4762 4759 4768 4779 4573 4571 4582 4383 4207 4123 4164 4126 4108 4036 4066 3901 3499 3452 3371 
3657 3737 3776 3824 3898 3831 3978 3996 4107 4308 4296 4368 4348 4408 4516 4534 4541 4512 4509 4566 4483 4669 4752 4753 4797 4766 4842 4860 4751 4789 4824 4854 4804 4863 4833 4785 4800 4840 4918 4840 4907 4976 4920 4959 5007 4935 4912 4910 4904 4849 4829 4844 4806 4868 4604 4593 4656 4399 4269 4167 4224 4220 4150 4113 4075 3935 3593 3545 3443 
3713 3755 3866 3842 3940 3915 4020 4028 4121 4394 4314 4421 4401 4503 4615 4569 4570 4556 4556 4586 4615 4728 4777 4807 4831 4856 4926 4881 4883 4843 4859 4944 4932 4879 4956 4846 4837 4928 4972 4937 4993 5043 5044 5014 5073 5091 5000 4954 5008 4941 4936 4900 4877 4896 4926 4642 4684 4694 4465 4296 4276 4245 4301 4165 4121 4097 4032 3625 3630 3470 
3804 3808 3906 3894 3953 3974 4111 4053 4122 4457 4444 4458 4443 4552 4686 4673 4602 4598 4586 4604 4683 4822 4800 4890 4894 4918 5020 5002 4963 4924 4949 4966 5026 4984 4985 4968 4864 4984 4982 4980 5028 5057 5081 5101 5096 5156 5158 5040 5080 5047 5034 4975 4970 4985 4966 4960 4691 4740 4788 4487 4316 4281 4354 4365 4221 4151 4102 4088 3691 3718 3497 
3827 3903 3917 3918 3990 4043 4179 4135 4188 4467 4544 4528 4501 4602 4761 4693 4735 4643 4681 4662 4778 4915 4911 4969 4939 4957 5022 5042 5007 4985 5044 5009 5088 5037 5053 5014 4985 5024 5010 5026 5053 5128 5168 5117 5171 5241 5177 5183 5139 5174 5137 5075 5016 5065 5046 5036 5015 4800 4872 4821 4582 4392 4396 4428 4380 4230 4154 4142 4126 3730 3721 3529 
3836 3987 3973 3998 4051 4098 4264 4276 4204 4561 4626 4638 4626 4659 4845 4791 4819 4783 4774 4771 4849 4920 5010 5059 5042 4974 5052 5140 5082 5071 5109 5133 5095 5167 5062 5072 5070 5060 5066 5056 5076 5197 5241 5240 5178 5246 5268 5244 5207 5205 5217 5185 5146 5149 5086 5074 5062 5080 4937 4931 4886 4656 4473 4448 4438 4461 4291 4238 4237 4134 3782 3744 3599 
3883 4068 4015 4007 4149 4149 4331 4340 4311 4612 4685 4674 4730 4741 4922 4910 4899 4843 4855 4827 4871 4927 5037 5069 5080 5070 5082 5162 5188 5164 5189 5181 5189 5187 5181 5115 5090 5095 5116 5161 5166 5228 5318 5249 5249 5294 5312 5348 5334 5229 5310 5262 5267 5166 5162 5182 5099 5106 5088 5010 4965 4985 4662 4522 4472 4467 4544 4342 4278 4251 4149 3792 3769 3600 
3937 4093 4078 4096 4179 4213 4355 4414 4415 4692 4721 4760 4812 4801 4944 4991 4982 4990 4900 4922 4874 4989 5116 5123 5169 5154 5126 5245 5252 5284 5255 5262 5233 5219 5261 5231 5152 5100 5125 5258 5236 5229 5378 5364 5286 5385 5351 5423 5423 5352 5368 5362 5339 5345 5217 5263 5268 5158 5114 5185 5011 5031 5028 4728 4620 4534 4625 4562 4412 4371 4324 4157 3824 3815 3634 
4033 4173 4175 4103 4238 4284 4447 4467 4434 4712 4809 4826 4815 4838 4970 5001 5015 5017 5040 5004 5016 5062 5179 5131 5220 5202 5176 5290 5271 5297 5342 5295 5352 5248 5283 5311 5267 5165 5180 5264 5293 5283 5460 5430 5397 5446 5421 5450 5451 5469 5466 5382 5435 5365 5418 5295 5284 5294 5238 5238 5232 5097 5107 5066 4822 4665 4627 4626 4584 4464 4418 4420 4221 3882 3867 3673 
4121 4219 4198 4214 4312 4347 4528 4531 4487 4802 4842 4859 4902 4893 5028 5027 5025 5063 5082 5066 5090 5136 5191 5262 5252 5263 5211 5292 5363 5352 5428 5396 5437 5386 5311 5334 5340 5346 5271 5326 5340 5334 5542 5547 5529 5468 5494 5540 5471 5474 5565 5541 5530 5439 5461 5446 5376 5333 5375 5239 5266 5274 5185 5132 5105 4899 4755 4684 4684 4682 4481 4456 4493 4243 3945 3941 3724 
4150 4258 4293 4308 4407 4425 4592 4555 4569 4888 4905 4946 4995 4908 5098 5120 5049 5079 5162 5146 5119 5188 5211 5289 5285 5313 5277 5305 5450 5378 5500 5524 5518 5459 5394 5383 5412 5376 5416 5350 5419 5371 5558 5611 5606 5550 5583 5574 5636 5565 5613 5641 5584 5583 5549 5462 5503 5456 5398 5456 5356 5353 5332 5186 5212 5192 4916 4854 4770 4774 4754 4544 4525 4562 4257 3973 4029 3793 
4187 4275 4364 4403 4463 4518 4663 4627 4612 4933 4909 5044 5087 5089 5182 5216 5131 5109 5193 5189 5177 5248 5303 5292 5337 5318 5411 5396 5536 5544 5535 5614 5614 5526 5507 5413 5445 5440 5484 5453 5478 5445 5623 5707 5661 5674 5605 5590 5645 5685 5647 5672 5718 5633 5626 5555 5578 5520 5537 5543 5517 5435 5405 5358 5239 5284 5221 4966 4861 4872 4860 4755 4561 4572 4608 4321 4053 4047 3849 
4238 4305 4389 4497 4551 4603 4742 4754 4667 4966 4996 5128 5136 5156 5280 5308 5231 5157 5268 5212 5271 5253 5321 5381 5402 5430 5472 5459 5627 5587 5603 5655 5684 5665 5548 5522 5537 5526 5551 5575 5524 5576 5634 5718 5772 5705 5740 5615 5743 5750 5768 5693 5723 5774 5638 5724 5651 5645 5583 5617 5612 5551 5443 5435 5363 5336 5291 5319 4998 4967 4902 4954 4820 4622 4632 4671 4349 4134 4146 3906 
4257 4328 4450 4533 4560 4692 4813 4852 4819 4983 5026 5157 5225 5182 5359 5382 5402 5242 5312 5316 5368 5325 5402 5436 5441 5496 5541 5517 5655 5674 5616 5741 5699 5760 5739 5618 5621 5569 5587 5608 5654 5596 5712 5732 5813 5819 5829 5768 5824 5755 5867 5834 5804 5860 5812 5750 5730 5676 5658 5677 5671 5667 5574 5496 5462 5368 5425 5344 5342 5009 4980 5008 5013 4874 4688 4705 4687 4373 4199 4190 3912 
4270 4368 4507 4605 4581 4707 4873 4860 4856 5002 5037 5255 5259 5270 5368 5479 5488 5473 5315 5331 5424 5387 5417 5480 5538 5527 5631 5545 5742 5761 5750 5749 5753 5790 5784 5801 5705 5649 5599 5693 5736 5707 5811 5784 5826 5913 5835 5894 5921 5910 5876 5917 5928 5928 5929 5886 5780 5797 5763 5771 5740 5678 5745 5601 5576 5498 5494 5466 5350 5434 5041 5086 5050 5095 4904 4710 4723 4774 4472 4271 4209 4011 
4314 4388 4562 4682 4674 4798 4900 4904 4888 5083 5117 5282 5261 5277 5465 5502 5583 5586 5485 5356 5499 5453 5464 5551 5545 5585 5709 5670 5783 5820 5788 5826 5766 5805 5856 5862 5869 5740 5718 5779 5752 5789 5878 5874 5925 5998 5954 5950 5929 5949 5943 5957 6022 6004 6019 6014 5917 5867 5821 5836 5855 5805 5844 5827 5620 5601 5552 5531 5487 5480 5467 5088 5138 5194 5146 4937 4749 4778 4861 4474 4279 4227 4107 
4368 4430 4623 4727 4773 4804 4964 4983 4984 5165 5149 5298 5365 5340 5507 5551 5602 5664 5651 5582 5539 5541 5478 5612 5600 5619 5713 5727 5808 5918 5879 5856 5908 5877 5882 5950 5923 5905 5761 5854 5782 5877 5977 5931 5971 6049 6053 6032 5972 6043 5983 5997 6090 6109 6103 6044 6044 5993 5892 5844 5947 5939 5886 5905 5867 5658 5610 5651 5571 5510 5509 5506 5184 5249 5204 5236 4972 4862 4917 4931 4537 4302 4318 4146 
4420 4522 4626 4798 4862 4811 4973 5020 5052 5231 5223 5318 5409 5457 5558 5607 5615 5735 5743 5750 5608 5578 5543 5618 5628 5686 5749 5779 5866 5934 5997 5952 5964 5968 5941 5977 5994 6000 5999 5936 5874 5927 6075 6010 5980 6136 6147 6090 6072 6126 6107 6080 6148 6194 6126 6179 6097 6046 6076 5944 5969 5974 5978 5925 5953 5959 5703 5672 5660 5613 5534 5532 5518 5286 5301 5264 5286 5050 4996 4951 5017 4599 4391 4338 4205 
4474 4618 4706 4813 4953 4952 5072 5090 5062 5240 5289 5408 5502 5507 5639 5706 5669 5773 5779 5760 5780 5619 5613 5702 5644 5731 5831 5797 5877 6031 6033 6040 6060 6047 6065 6042 6034 6048 6023 6018 5953 5958 6139 6127 6075 6201 6184 6179 6155 6202 6225 6186 6182 6259 6273 6206 6234 6130 6079 6077 6002 6001 6039 6006 6019 5967 5963 5773 5721 5706 5661 5617 5533 5563 5320 5397 5299 5367 5064 5017 5048 5096 4692 4476 4388 4210 
4566 4710 4754 4897 5012 5051 5103 5143 5113 5267 5304 5430 5581 5602 5663 5782 5711 5852 5795 5872 5877 5869 5657 5791 5744 5814 5833 5919 5971 6126 6115 6061 6061 6157 6113 6104 6073 6126 6057 6088 6068 6014 6236 6200 6128 6208 6266 6211 6200 6225 6239 6240 6266 6356 6317 6351 6283 6269 6163 6124 6158 6076 6073 6044 6050 6076 5976 6001 5867 5728 5775 5715 5686 5595 5628 5465 5443 5435 5445 5154 5072 5124 5145 4743 4521 4474 4245 
4607 4773 4843 4973 5099 5082 5189 5152 5189 5281 5391 5512 5603 5631 5710 5798 5795 5862 5922 5944 5959 5972 5917 5855 5849 5857 5846 5994 6013 6195 6147 6127 6128 6170 6221 6198 6162 6149 6224 6097 6125 6144 6241 6258 6231 6220 6332 6316 6240 6324 6325 6312 6311 6381 6366 6379 6370 6289 6359 6206 6187 6189 6143 6152 6096 6101 6150 6015 6098 5902 5851 5812 5780 5732 5651 5710 5471 5465 5475 5521 5247 5190 5239 5162 4839 4534 4494 4317 
4670 4813 4921 4981 5151 5108 5279 5230 5259 5309 5427 5526 5649 5675 5795 5894 5822 5914 5980 5959 6046 6009 5977 6015 5954 5896 5870 6055 6089 6233 6239 6246 6211 6244 6311 6243 6251 6242 6280 6322 6155 6195 6304 6297 6302 6261 6423 6423 6320 6346 6352 6398 6329 6416 6434 6397 6414 6415 6413 6415 6233 6267 6237 6165 6221 6137 6194 6188 6169 6123 5932 5907 5827 5802 5805 5753 5742 5540 5534 5546 5614 5330 5284 5250 5196 4933 4578 4533 4409 
4682 4849 4977 5069 5164 5247 5295 5291 5314 5363 5438 5573 5668 5753 5812 5911 5962 5995 6057 6031 6088 6101 6108 6100 6081 5981 5977 6134 6182 6275 6304 6307 6315 6318 6325 6312 6269 6307 6292 6323 6380 6232 6395 6326 6344 6368 6506 6448 6442 6350 6448 6439 6423 6461 6452 6503 6510 6503 6451 6508 6425 6279 6365 6269 6265 6304 6277 6198 6260 6260 6127 5959 5980 5834 5839 5842 5824 5802 5599 5577 5615 5668 5384 5328 5346 5289 5016 4614 4537 4454 
4712 4867 4999 5089 5206 5343 5360 5374 5331 5404 5493 5642 5762 5834 5841 5991 6053 6026 6142 6082 6135 6127 6151 6157 6102 6180 6015 6201 6281 6351 6320 6321 6330 6411 6333 6357 6411 6351 6368 6400 6447 6430 6438 6450 6431 6423 6559 6578 6465 6488 6510 6473 6489 6560 6534 6508 6603 6558 6520 6539 6578 6505 6424 6374 6313 6363 6349 6290 6334 6326 6318 6221 6067 6053 5855 5856 5927 5862 5876 5698 5679 5691 5747 5412 5417 5388 5309 5053 4696 4568 4477 
4763 4963 5038 5154 5252 5414 5416 5387 5403 5472 5546 5728 5807 5867 5892 6040 6065 6144 6163 6163 6211 6220 6153 6174 6255 6195 6226 6213 6341 6372 6439 6351 6422 6494 6455 6416 6453 6461 6395 6488 6493 6533 6532 6523 6495 6485 6582 6602 6592 6498 6604 6531 6509 6594 6583 6585 6607 6686 6657 6614 6668 6641 6565 6440 6396 6396 6446 6419 6345 6366 6336 6368 6250 6097 6136 5902 5938 5932 5907 5893 5784 5733 5796 5748 5461 5480 5416 5369 5060 4774 4663 4517 
4807 5024 5127 5213 5256 5463 5467 5443 5472 5543 5592 5804 5851 5871 5901 6074 6121 6183 6178 6169 6305 6311 6295 6264 6320 6282 6282 6249 6415 6378 6462 6472 6458 6563 6508 6494 6458 6495 6496 6545 6526 6555 6609 6578 6579 6505 6643 6667 6700 6601 6620 6673 6535 6656 6659 6603 6706 6762 6735 6675 6740 6734 6714 6648 6522 6436 6522 6477 6508 6457 6393 6456 6385 6285 6177 6171 5970 5989 5964 5974 5945 5852 5870 5881 5828 5537 5487 5427 5431 5126 4821 4685 4584 
4872 5061 5146 5310 5282 5480 5483 5491 5496 5560 5642 5841 5915 5953 5925 6110 6153 6194 6251 6212 6374 6342 6343 6384 6399 6413 6378 6350 6464 6505 6476 6495 6476 6567 6630 6607 6575 6569 6566 6619 6581 6651 6677 6618 6643 6618 6731 6702 6754 6789 6716 6731 6739 6683 6747 6756 6738 6776 6768 6770 6818 6760 6805 6720 6733 6588 6579 6524 6566 6599 6529 6461 6485 6441 6358 6225 6257 6041 5998 6067 5996 6002 5949 5923 5893 5829 5568 5555 5448 5490 5189 4897 4692 4661 
4945 5142 5160 5323 5327 5500 5494 5500 5497 5643 5650 5926 6006 6023 6037 6173 6215 6271 6288 6258 6421 6375 6402 6479 6438 6482 6452 6399 6563 6514 6592 6497 6592 6583 6722 6666 6681 6646 6659 6685 6652 6724 6750 6752 6695 6734 6742 6743 6780 6842 6794 6757 6765 6787 6808 6806 6846 6841 6777 6857 6860 6865 6879 6840 6755 6806 6612 6605 6622 6669 6651 6534 6533 6526 6472 6376 6340 6284 6062 6106 6147 6087 6028 5957 5967 5895 5900 5575 5618 5512 5495 5241 4916 4700 4681 
4962 5167 5181 5334 5399 5593 5533 5549 5564 5666 5703 6008 6009 6036 6128 6238 6300 6273 6328 6293 6463 6452 6479 6521 6484 6518 6488 6506 6567 6621 6599 6668 6679 6675 6747 6779 6747 6693 6733 6718 6770 6761 6824 6784 6772 6803 6745 6840 6871 6910 6924 6838 6784 6801 6897 6836 6931 6931 6921 6910 6894 6952 6937 6977 6928 6884 6854 6677 6720 6709 6680 6708 6544 6600 6596 6553 6436 6419 6358 6178 6244 6206 6166 6075 5997 5987 5954 5980 5707 5709 5526 5500 5274 4952 4779 4720 
5022 5252 5240 5373 5459 5600 5650 5625 5641 5758 5709 6043 6024 6108 6151 6279 6345 6352 6423 6346 6527 6542 6565 6574 6577 6549 6587 6517 6658 6652 6705 6718 6723 6761 6769 6860 6820 6787 6763 6775 6800 6861 6872 6918 6858 6879 6867 6898 6945 6935 7020 6981 6852 6820 6900 6996 6959 7014 6946 6996 7009 6953 7041 7062 7056 6978 6887 6949 6752 6787 6753 6716 6715 6641 6662 6660 6582 6456 6433 6434 6270 6299 6254 6237 6144 6063 6006 6052 6024 5734 5723 5527 5548 5348 4964 4877 4727 
5086 5318 5336 5397 5477 5616 5677 5698 5661 5772 5805 6112 6073 6194 6199 6319 6368 6368 6484 6444 6578 6592 6591 6621 6612 6610 6678 6615 6736 6722 6748 6786 6727 6840 6820 6868 6879 6880 6839 6870 6806 6929 6918 7004 6953 6976 6906 6956 6949 7010 7050 7078 7080 6864 6912 7071 7087 7053 7064 7027 7051 7073 7111 7066 7108 7063 7076 7022 7047 6880 6824 6842 6793 6806 6726 6733 6724 6647 6522 6455 6512 6361 6380 6328 6279 6164 6146 6122 6125 6119 5812 5768 5640 5575 5382 5017 4948 4742 
5116 5329 5421 5428 5511 5687 5690 5746 5703 5786 5849 6115 6131 6261 6222 6392 6387 6425 6490 6574 6672 6664 6649 6690 6702 6674 6737 6746 6824 6793 6803 6855 6835 6853 6847 6955 6976 6960 6969 6875 6941 6934 6934 7030 7042 7016 6992 7018 7001 7109 7068 7116 7178 7104 6933 7097 7149 7161 7133 7068 7136 7130 7188 7146 7166 7175 7167 7155 7126 7104 6966 6870 6908 6840 6878 6784 6809 6802 6683 6617 6575 6602 6388 6458 6375 6342 6209 6177 6147 6195 6171 5860 5847 5734 5590 5459 5078 5015 4810 
5139 5362 5465 5509 5591 5779 5783 5821 5840 5874 5872 6176 6170 6337 6283 6395 6420 6519 6522 6580 6721 6737 6705 6724 6720 6725 6745 6793 6886 6884 6806 6918 6888 6866 6933 7007 7007 7030 7042 7012 7011 6967 6950 7099 7099 7129 7099 7049 7021 7202 7179 7197 7225 7273 7181 7141 7178 7229 7200 7184 7192 7195 7251 7195 7191 7245 7182 7244 7198 7179 7168 6969 7002 6950 6973 6917 6827 6810 6868 6704 6633 6699 6622 6508 6548 6391 6412 6219 6272 6264 6224 6177 5885 5908 5775 5616 5474 5137 5078 4845 
7273
